for codebook size 1  
1.748172 -1.132744 0.568863 0.607475 0.156516 0.144407 0.042666 -0.132076 -0.103050 -0.000662 0.046786 -0.015660 

for codebook size 2  
1.334034 -1.695068 0.318573 0.718249 0.392709 0.384348 0.187543 -0.126502 -0.122520 0.091854 0.167656 -0.013326 
2.023540 -0.758845 0.735284 0.533820 -0.000533 -0.015134 -0.053664 -0.135782 -0.090104 -0.062177 -0.033583 -0.017213 

for codebook size 4  
0.974212 -1.817911 0.330596 1.070693 0.404360 0.253650 0.189078 -0.149930 -0.016705 0.233105 0.162741 -0.047936 
1.468586 -1.544858 0.277906 0.399322 0.366771 0.444014 0.185082 -0.090514 -0.175444 -0.003671 0.153944 0.009356 
1.951254 -0.631614 0.874980 0.759049 0.046816 0.112188 0.103345 -0.144959 -0.084825 -0.057793 -0.093683 -0.031691 
2.386310 -1.025081 0.528437 0.159689 -0.118333 -0.294543 -0.411273 -0.145810 -0.119181 -0.082520 0.095568 0.012758 

for codebook size 8  
0.930830 -1.804303 0.247151 1.135471 0.406190 0.216311 0.231441 -0.158315 -0.051090 0.254943 0.187598 -0.072169 
1.090198 -1.832795 0.502318 0.889498 0.417003 0.354529 0.086090 -0.135425 0.051457 0.171909 0.113431 0.011195 
1.683175 -1.866076 0.288282 0.508870 0.404333 0.505374 0.146653 -0.145678 -0.244499 -0.046012 0.195767 0.017517 
1.028625 -0.613034 0.277060 0.110357 0.246016 0.265587 0.300173 0.060870 -0.004470 0.095878 0.028584 -0.013328 
2.068564 -0.678734 0.827821 0.904563 0.026796 0.020694 0.206804 -0.136030 -0.201177 -0.010405 -0.037747 -0.115084 
1.900429 -0.622394 0.929017 0.700838 0.046506 0.167355 0.026439 -0.165836 -0.016416 -0.098269 -0.135995 0.021252 
2.437904 -1.094985 0.479541 0.160342 -0.144364 -0.337879 -0.421616 -0.166146 -0.141863 -0.069704 0.101319 0.004851 
2.060099 -0.584169 0.846858 0.169205 0.057592 0.001719 -0.332447 -0.025377 0.026502 -0.164084 0.049707 0.066815 

